=== BC model ===
qs =  0.38316
qr =  0.047638
hb =  41.704
lambda =  7.0104
R2 =  0.99279
=== VG model ===
qs =  0.38671
qr =  0.055302
alpha =  0.021563
n =  15.913
R2 =  0.99247
=== LN model ===
qs =  0.38625
qr =  0.056346
hm =  46.631
sigma =  0.10818
R2 =  0.99167
=== FX model ===
qs =  0.38442
qr =  0.034417
a =  44.142
m =  1.1128
n =  24.028
R2 =  0.99414
