=== BC model ===
qs =  0.38316
qr =  0.047638
hb =  41.704
lambda =  7.0104
R2 =  0.99279
=== VG model ===
qs =  0.38656
qr =  0.055190
alpha =  0.021547
n =  15.923
R2 =  0.99246
=== LN model ===
qs =  0.38625
qr =  0.056345
hm =  46.631
sigma =  0.10818
R2 =  0.99167
